900	900	1200	1200
900	900	1200	1200
900	900	1200	1200
900	900	1200	1200
900	900	1200	1200
900	900	1200	1200
900	900	1200	1200
900	900	1200	1200
900	900	1200	1200
900	900	1200	1200
900	900	1200	1200
900	900	1200	1200
900	900	1200	1200
900	900	1200	1200
900	900	1200	1200
900	900	1200	1200
900	900	1200	1200
900	900	1200	1200
900	900	1200	1200
900	900	1200	1200
900	900	1200	1200
900	900	1200	1200
2700	2700	3600	3600
2700	2700	3600	3600
625	625	400	400
900	900	1200	1200
625	625	400	400
658	658	1024	1024
658	658	1024	1024
658	658	1024	1024
658	658	1024	1024
658	658	1024	1024
658	658	1024	1024
658	658	1024	1024
658	658	1024	1024
658	658	1024	1024
658	658	1024	1024
658	658	1024	1024
658	658	1024	1024
658	658	1024	1024
2700	2700	3600	3600
900	900	1200	1200
1280	1280	720	720
625	625	400	400
625	625	400	400
1875	1875	1200	1200
1875	1875	1200	1200
1875	1875	1200	1200
625	625	400	400
2700	2700	3600	3600
900	900	1200	1200
900	900	1200	1200
900	900	1200	1200
900	900	1200	1200
900	900	1200	1200
900	900	1200	1200
900	900	1200	1200
900	900	1200	1200
900	900	1200	1200
900	900	1200	1200
900	900	1200	1200
900	900	1200	1200
900	900	1200	1200
900	900	1200	1200
900	900	1200	1200
900	900	1200	1200
900	900	1200	1200
900	900	1200	1200
900	900	1200	1200
900	900	1200	1200
900	900	1200	1200
900	900	1200	1200
900	900	1200	1200
900	900	1200	1200
